File E1_Forwards_PeakHeight_(µA) E1_Reverse_PeakHeight_(µA) E1_Forward_Peak_Potential_(V) E1_Reverse_Peak_Potential_(V) E1_Peak_Separation_(V) E2_Forwards_PeakHeight_(µA) E2_Reverse_PeakHeight_(µA) E2_Forward_Peak_Potential_(V) E2_Reverse_Peak_Potential_(V) E2_Peak_Separation_(V) E3_Forwards_PeakHeight_(µA) E3_Reverse_PeakHeight_(µA) E3_Forward_Peak_Potential_(V) E3_Reverse_Peak_Potential_(V) E3_Peak_Separation_(V)
1 6.253825610286846 8.09609557191358 -0.167 0.075 0.242
1 6.253825610286846 8.09609557191358 -0.167 0.075 0.242 6.247796666666667 8.031916259185037 -0.163 0.077 0.24
1 6.253825610286846 8.09609557191358 -0.167 0.075 0.242 6.247796666666667 8.031916259185037 -0.163 0.077 0.24 6.239090000000002 8.047351543086174 -0.165 0.077 0.242
1 6.253825610286846 8.09609557191358 -0.167 0.075 0.242 6.247796666666667 8.031916259185037 -0.163 0.077 0.24 6.239090000000002 8.047351543086174 -0.165 0.077 0.242
2 6.93517751584284 8.781655938543754 -0.196 0.03 0.226
2 6.93517751584284 8.781655938543754 -0.196 0.03 0.226 6.927780673289184 8.773126259185036 -0.196 0.025 0.221
2 6.93517751584284 8.781655938543754 -0.196 0.03 0.226 6.927780673289184 8.773126259185036 -0.196 0.025 0.221 6.874859164208456 8.820840681362727 -0.196 0.025 0.221
2 6.93517751584284 8.781655938543754 -0.196 0.03 0.226 6.927780673289184 8.773126259185036 -0.196 0.025 0.221 6.874859164208456 8.820840681362727 -0.196 0.025 0.221
3 7.929758188405799 8.812173920718465 -0.127 0.03 0.157
3 7.929758188405799 8.812173920718465 -0.127 0.03 0.157 7.939615554438862 8.776959795474326 -0.127 0.029 0.156
3 7.929758188405799 8.812173920718465 -0.127 0.03 0.157 7.939615554438862 8.776959795474326 -0.127 0.029 0.156 7.936275333333335 8.80059764864865 -0.129 0.028 0.157
3 7.929758188405799 8.812173920718465 -0.127 0.03 0.157 7.939615554438862 8.776959795474326 -0.127 0.029 0.156 7.936275333333335 8.80059764864865 -0.129 0.028 0.157
4 9.402233772036475 9.100852441314554 -0.172 0.028 0.19999999999999998
4 9.402233772036475 9.100852441314554 -0.172 0.028 0.19999999999999998 9.420763653653655 9.096784028056113 -0.175 0.025 0.19999999999999998
4 9.402233772036475 9.100852441314554 -0.172 0.028 0.19999999999999998 9.420763653653655 9.096784028056113 -0.175 0.025 0.19999999999999998 9.397507805714286 9.102141503006013 -0.176 0.024 0.19999999999999998
4 9.402233772036475 9.100852441314554 -0.172 0.028 0.19999999999999998 9.420763653653655 9.096784028056113 -0.175 0.025 0.19999999999999998 9.397507805714286 9.102141503006013 -0.176 0.024 0.19999999999999998
5 7.03644189274448 6.89278472945892 -0.193 0.078 0.271
5 7.03644189274448 6.89278472945892 -0.193 0.078 0.271 7.054301757990869 6.915342484969942 -0.19 0.081 0.271
5 7.03644189274448 6.89278472945892 -0.193 0.078 0.271 7.054301757990869 6.915342484969942 -0.19 0.081 0.271 7.063661335372069 6.915341950567802 -0.192 0.079 0.271
5 7.03644189274448 6.89278472945892 -0.193 0.078 0.271 7.054301757990869 6.915342484969942 -0.19 0.081 0.271 7.063661335372069 6.915341950567802 -0.192 0.079 0.271
6 6.1712391502401545 7.9126384120898114 -0.141 0.09 0.23099999999999998
6 6.1712391502401545 7.9126384120898114 -0.141 0.09 0.23099999999999998 6.158107264437691 7.993877303618786 -0.148 0.088 0.236
6 6.1712391502401545 7.9126384120898114 -0.141 0.09 0.23099999999999998 6.158107264437691 7.993877303618786 -0.148 0.088 0.236 6.139282632575759 7.9419970062222225 -0.146 0.087 0.23299999999999998
6 6.1712391502401545 7.9126384120898114 -0.141 0.09 0.23099999999999998 6.158107264437691 7.993877303618786 -0.148 0.088 0.236 6.139282632575759 7.9419970062222225 -0.146 0.087 0.23299999999999998
7 9.401103721881391 6.4200969868913855 -0.148 0.101 0.249
7 9.401103721881391 6.4200969868913855 -0.148 0.101 0.249 9.410742515230638 6.4988436400818 -0.146 0.096 0.242
7 9.401103721881391 6.4200969868913855 -0.148 0.101 0.249 9.410742515230638 6.4988436400818 -0.146 0.096 0.242 9.394924723926382 6.398042222222223 -0.144 0.099 0.243
7 9.401103721881391 6.4200969868913855 -0.148 0.101 0.249 9.410742515230638 6.4988436400818 -0.146 0.096 0.242 9.394924723926382 6.398042222222223 -0.144 0.099 0.243
8 9.293502807017544 10.595159139711466 -0.131 0.006 0.137
8 9.293502807017544 10.595159139711466 -0.131 0.006 0.137 9.285305807770964 10.634820650406507 -0.129 0.007 0.136
8 9.293502807017544 10.595159139711466 -0.131 0.006 0.137 9.285305807770964 10.634820650406507 -0.129 0.007 0.136 9.305426014166667 10.618481874999999 -0.131 0.003 0.134
8 9.293502807017544 10.595159139711466 -0.131 0.006 0.137 9.285305807770964 10.634820650406507 -0.129 0.007 0.136 9.305426014166667 10.618481874999999 -0.131 0.003 0.134
9 8.066018676071057 9.878402598530394 -0.196 0.039 0.23500000000000001
9 8.066018676071057 9.878402598530394 -0.196 0.039 0.23500000000000001 8.066786666666667 9.85447689516129 -0.193 0.043 0.236
9 8.066018676071057 9.878402598530394 -0.196 0.039 0.23500000000000001 8.066786666666667 9.85447689516129 -0.193 0.043 0.236 8.101843600000002 9.836451044176707 -0.193 0.039 0.232
9 8.066018676071057 9.878402598530394 -0.196 0.039 0.23500000000000001 8.066786666666667 9.85447689516129 -0.193 0.043 0.236 8.101843600000002 9.836451044176707 -0.193 0.039 0.232
10 8.855601707717572 6.018950597484278 -0.129 0.094 0.223
10 8.855601707717572 6.018950597484278 -0.129 0.094 0.223 8.847704739583333 6.039779641285956 -0.132 0.089 0.221
10 8.855601707717572 6.018950597484278 -0.129 0.094 0.223 8.847704739583333 6.039779641285956 -0.132 0.089 0.221 8.830485612612614 5.911204342017369 -0.127 0.09 0.217
10 8.855601707717572 6.018950597484278 -0.129 0.094 0.223 8.847704739583333 6.039779641285956 -0.132 0.089 0.221 8.830485612612614 5.911204342017369 -0.127 0.09 0.217
11 6.57067834994463 8.656246056969698 -0.163 0.073 0.236
11 6.57067834994463 8.656246056969698 -0.163 0.073 0.236 6.531826680272109 8.64730949064626 -0.162 0.072 0.23399999999999999
11 6.57067834994463 8.656246056969698 -0.163 0.073 0.236 6.531826680272109 8.64730949064626 -0.162 0.072 0.23399999999999999 6.54891393736018 8.633615772357725 -0.161 0.072 0.23299999999999998
11 6.57067834994463 8.656246056969698 -0.163 0.073 0.236 6.531826680272109 8.64730949064626 -0.162 0.072 0.23399999999999999 6.54891393736018 8.633615772357725 -0.161 0.072 0.23299999999999998
12 7.158668602430557 7.91940742628788 -0.154 0.04 0.194
12 7.158668602430557 7.91940742628788 -0.154 0.04 0.194 7.145331509552845 7.923848999230177 -0.157 0.04 0.197
12 7.158668602430557 7.91940742628788 -0.154 0.04 0.194 7.145331509552845 7.923848999230177 -0.157 0.04 0.197 7.18874716622458 7.923885459982411 -0.155 0.036 0.191
12 7.158668602430557 7.91940742628788 -0.154 0.04 0.194 7.145331509552845 7.923848999230177 -0.157 0.04 0.197 7.18874716622458 7.923885459982411 -0.155 0.036 0.191
13 6.260519936908518 10.946810073480295 -0.2 0.0 0.2
13 6.260519936908518 10.946810073480295 -0.2 0.0 0.2 6.31697519379845 10.933236304275217 -0.199 0.005 0.20400000000000001
13 6.260519936908518 10.946810073480295 -0.2 0.0 0.2 6.31697519379845 10.933236304275217 -0.199 0.005 0.20400000000000001 6.289926642685852 10.955987166324435 -0.199 0.002 0.201
13 6.260519936908518 10.946810073480295 -0.2 0.0 0.2 6.31697519379845 10.933236304275217 -0.199 0.005 0.20400000000000001 6.289926642685852 10.955987166324435 -0.199 0.002 0.201
14 9.710485687763713 7.597102449519233 -0.13 0.04 0.17
14 9.710485687763713 7.597102449519233 -0.13 0.04 0.17 9.706685636363636 7.560731235772358 -0.134 0.039 0.17300000000000001
14 9.710485687763713 7.597102449519233 -0.13 0.04 0.17 9.706685636363636 7.560731235772358 -0.134 0.039 0.17300000000000001 9.719232148148148 7.537457460199006 -0.132 0.042 0.17400000000000002
14 9.710485687763713 7.597102449519233 -0.13 0.04 0.17 9.706685636363636 7.560731235772358 -0.134 0.039 0.17300000000000001 9.719232148148148 7.537457460199006 -0.132 0.042 0.17400000000000002
15 8.310281805555556 10.692068203072814 -0.147 0.031 0.178
15 8.310281805555556 10.692068203072814 -0.147 0.031 0.178 8.357406014851485 10.710536232464932 -0.146 0.024 0.16999999999999998
15 8.310281805555556 10.692068203072814 -0.147 0.031 0.178 8.357406014851485 10.710536232464932 -0.146 0.024 0.16999999999999998 8.333879725085914 10.728737140948565 -0.147 0.028 0.175
15 8.310281805555556 10.692068203072814 -0.147 0.031 0.178 8.357406014851485 10.710536232464932 -0.146 0.024 0.16999999999999998 8.333879725085914 10.728737140948565 -0.147 0.028 0.175
16 9.660453048192771 8.807809263157896 -0.141 0.067 0.208
16 9.660453048192771 8.807809263157896 -0.141 0.067 0.208 9.695689436345967 8.864354977547498 -0.14 0.07 0.21000000000000002
16 9.660453048192771 8.807809263157896 -0.141 0.067 0.208 9.695689436345967 8.864354977547498 -0.14 0.07 0.21000000000000002 9.672932522065729 8.859044283246977 -0.141 0.069 0.21
16 9.660453048192771 8.807809263157896 -0.141 0.067 0.208 9.695689436345967 8.864354977547498 -0.14 0.07 0.21000000000000002 9.672932522065729 8.859044283246977 -0.141 0.069 0.21
17 8.467440146825398 10.067835807058826 -0.135 0.055 0.19
17 8.467440146825398 10.067835807058826 -0.135 0.055 0.19 8.430016096256685 10.073033470726 -0.136 0.053 0.189
17 8.467440146825398 10.067835807058826 -0.135 0.055 0.19 8.430016096256685 10.073033470726 -0.136 0.053 0.189 8.454936641791045 10.073044444444445 -0.135 0.048 0.183
17 8.467440146825398 10.067835807058826 -0.135 0.055 0.19 8.430016096256685 10.073033470726 -0.136 0.053 0.189 8.454936641791045 10.073044444444445 -0.135 0.048 0.183
18 8.053736968174205 8.25829162992652 -0.155 0.006 0.161
18 8.053736968174205 8.25829162992652 -0.155 0.006 0.161 8.05345834920635 8.241577704820097 -0.147 0.008 0.155
18 8.053736968174205 8.25829162992652 -0.155 0.006 0.161 8.05345834920635 8.241577704820097 -0.147 0.008 0.155 8.056064685185184 8.269797703740815 -0.152 0.003 0.155
18 8.053736968174205 8.25829162992652 -0.155 0.006 0.161 8.05345834920635 8.241577704820097 -0.147 0.008 0.155 8.056064685185184 8.269797703740815 -0.152 0.003 0.155
19 8.08961648018648 10.798462480751175 -0.126 0.019 0.145
19 8.08961648018648 10.798462480751175 -0.126 0.019 0.145 8.056930912175206 10.790115394281415 -0.126 0.017 0.14300000000000002
19 8.08961648018648 10.798462480751175 -0.126 0.019 0.145 8.056930912175206 10.790115394281415 -0.126 0.017 0.14300000000000002 8.06708829644809 10.772515217821784 -0.126 0.015 0.14100000000000001
19 8.08961648018648 10.798462480751175 -0.126 0.019 0.145 8.056930912175206 10.790115394281415 -0.126 0.017 0.14300000000000002 8.06708829644809 10.772515217821784 -0.126 0.015 0.14100000000000001
20 9.688534672447014 9.843005742473895 -0.142 0.045 0.187
20 9.688534672447014 9.843005742473895 -0.142 0.045 0.187 9.648044964539007 9.842869764492756 -0.143 0.043 0.186
20 9.688534672447014 9.843005742473895 -0.142 0.045 0.187 9.648044964539007 9.842869764492756 -0.143 0.043 0.186 9.682943305478181 9.803014502187226 -0.142 0.039 0.181
20 9.688534672447014 9.843005742473895 -0.142 0.045 0.187 9.648044964539007 9.842869764492756 -0.143 0.043 0.186 9.682943305478181 9.803014502187226 -0.142 0.039 0.181
